XIII

61
66. 1461. A 1616116161 61161616666611616161616 6116616161 1111619 p

16111116666611616111161661161111616166116199611611 . . 98 x

67ι — Ι611611 11616161 1616111161 66 1616111666 6 1616116161 1161161·
66661161 66111161-1166111161111196111611 ...... 101
68. - A 16161161616116111161166611616161616 61 16116611616161
1616161161 6661166 161661 1619961166, 6 1166111161 1111619·
1961116 699616116616 66 Ρ61 1161111611 1161611916 6111. 161161-
kozblag .............. 103
60. —- A 1616116161 611661166666 1616616161616Τ116111661 96161116-
6616 6 161611 6116111 661619 1119611611 ....... 106
70. - A 1616116161 611661166666 116996161616111611 6 1616161166 “
66611116 661619 1619961166 6619616161 1616161 111116 116-
1116116 ...... β ......... 108
71. - 616166616161161616666666161961111611116111611616 116-
1616 9616616661, 6 161616116111111911611 6 116116161 116111 . 109
72. - Α 1616116161 61161111611666 1616616 6116116116 1111619 1616-

161161, 616161 6116611611161166661161961616161111161616166
1611961611 ............. 110

73. - A 1616116161611661161666161661661161161016161161, Μ6·
99616161691161 6 161611 6116111 6111611666, 66 6 1161161
1166111161 111961 1611961166 ......... 114
74. - 1611611, 1161161 (196199 616111 despota 116 6 1111161161 1616116-
161111161 1616161161 kind .......... 116
15. - (166111616696119, 81611161616116161166611616661611111611
61611116 1611611 despota 16161611 ....... 111
76. - A velenczei 611616166666 116161616166 116111 66 61616161
61611616661 1616161 16191611 (111666161ο161161116111611 meg-
61611666 1619961166 ........... 116
77. 1462. A 1616116161 611616166666 61161161 61166111, 161966666161
66 6 11161961 111619 11661616661 111666166661161116, egy-
111161 6 16161 611611 1161161 1161 ........ 119
78. -’- A 161666161611611116116666161616161616116111111911611
16161Μ69961ο1616ς66161961666161161616116111111661196 . 121
79. - A 16161161616116616666611616161616 011666 161 1111161116-
16161611611 1611616161161 .......... 123
80. - A 16161161616116161666661616161616Μ619661116191616·
1611611, 6 16161 6116111 661619116111611611116 161661 161196-
ban ............... 125
61. - A 1616116161 611661166666 6 1161161 6 11169961 111619111611-
66161 1166116666111611, 6111161 1616116611, 11119 6 1616166·
9619 11116161 61116191 1111611611 6161 1611961166 69611116 . 128
Α 1616116161 611661166666 6 16161 6116111 661619 1611961166
1661616116 11 6 1161161161, 161616611611 e 616116116161111111
3000 61611961, 66 661161611611611 6 11611616 1116196161-
6169116 1111161166 16161661 116111 ....... 160

 

 

